=	x_rtw_1 =[1, -1, -1, -1]=
=	x_rtw_2 =[1, 1, 1, 1]=
=	x_corr_list =[-2]=
=	std_dev_x_corr =0.0=
=	var_x_corr =0.0=
=	arith_mean_x_corr =-2.0=
=	ptp_x_corr =0=
=	amax_x_corr =-2=
=	amin_x_corr =-2=
=	x_rtw_1 =[1, -1, 1, -1, -1, 1, 1, 1]=
=	x_rtw_2 =[-1, 1, -1, 1, 1, -1, 1, -1]=
=	x_corr_list =[-6]=
=	std_dev_x_corr =0.0=
=	var_x_corr =0.0=
=	arith_mean_x_corr =-6.0=
=	ptp_x_corr =0=
=	amax_x_corr =-6=
=	amin_x_corr =-6=
=	x_rtw_1 =[1, 1, -1, -1, -1, -1, 1, 1, -1, 1, 1, -1, 1, 1, 1, 1]=
=	x_rtw_2 =[1, -1, -1, 1, 1, -1, -1, 1, -1, -1, 1, -1, 1, 1, 1, 1]=
=	x_corr_list =[6]=
=	std_dev_x_corr =0.0=
=	var_x_corr =0.0=
=	arith_mean_x_corr =6.0=
=	ptp_x_corr =0=
=	amax_x_corr =6=
=	amin_x_corr =6=
=	x_rtw_1 =[1, 1, -1, -1, -1, 1, 1, -1, -1, -1, 1, -1, -1, -1, -1, 1, -1, 1, -1, 1, -1, 1, -1, 1, -1, -1, 1, -1, -1, 1, 1, -1]=
=	x_rtw_2 =[1, 1, -1, 1, -1, 1, 1, 1, 1, 1, 1, -1, 1, 1, 1, 1, -1, -1, -1, 1, 1, -1, -1, 1, -1, 1, 1, 1, -1, -1, -1, 1]=
=	x_corr_list =[2]=
=	std_dev_x_corr =0.0=
=	var_x_corr =0.0=
=	arith_mean_x_corr =2.0=
=	ptp_x_corr =0=
=	amax_x_corr =2=
=	amin_x_corr =2=
=	x_rtw_1 =[1, 1, 1, 1, -1, -1, 1, 1, -1, -1, 1, 1, -1, 1, 1, 1, 1, -1, -1, 1, 1, -1, -1, -1, -1, -1, -1, -1, 1, 1, -1, -1, -1, -1, -1, -1, 1, -1, 1, 1, 1, 1, -1, -1, -1, 1, -1, 1, -1, 1, 1, 1, -1, 1, 1, -1, 1, -1, 1, 1, -1, -1, 1, -1]=
=	x_rtw_2 =[-1, -1, 1, 1, 1, 1, -1, 1, -1, 1, 1, 1, 1, 1, -1, -1, 1, 1, -1, -1, 1, -1, 1, -1, -1, -1, -1, 1, -1, -1, -1, 1, 1, 1, -1, -1, -1, 1, 1, 1, 1, 1, -1, 1, -1, 1, 1, -1, 1, 1, 1, -1, 1, -1, -1, 1, 1, -1, -1, 1, -1, 1, -1, -1]=
=	x_corr_list =[0]=
=	std_dev_x_corr =0.0=
=	var_x_corr =0.0=
=	arith_mean_x_corr =0.0=
=	ptp_x_corr =0=
=	amax_x_corr =0=
=	amin_x_corr =0=
=	x_rtw_1 =[1, -1, 1, 1, 1, -1, 1, -1, -1, 1, -1, -1, 1, -1, 1, -1, 1, -1, -1, -1, -1, 1, 1, -1, 1, 1, 1, -1, -1, 1, -1, 1, 1, -1, -1, -1, 1, -1, 1, 1, -1, -1, -1, -1, 1, 1, 1, -1, 1, -1, 1, 1, 1, 1, 1, -1, 1, 1, -1, -1, 1, 1, 1, 1, -1, -1, -1, -1, -1, 1, 1, 1, -1, 1, -1, -1, 1, 1, -1, 1, 1, -1, -1, 1, -1, 1, 1, -1, 1, 1, -1, 1, -1, -1, -1, 1, 1, -1, 1, 1, 1, 1, -1, -1, 1, -1, -1, -1, -1, 1, -1, -1, 1, -1, -1, 1, 1, 1, 1, 1, -1, -1, 1, -1, -1, -1, 1, -1]=
=	x_rtw_2 =[-1, 1, -1, 1, 1, -1, -1, 1, 1, 1, -1, 1, -1, 1, -1, -1, -1, -1, 1, -1, -1, -1, -1, -1, 1, -1, 1, -1, 1, -1, 1, 1, 1, -1, 1, -1, -1, 1, 1, -1, 1, -1, 1, 1, -1, -1, -1, 1, -1, -1, -1, 1, 1, -1, 1, 1, -1, 1, 1, 1, 1, 1, -1, 1, 1, -1, 1, 1, 1, -1, 1, -1, -1, 1, 1, -1, -1, -1, 1, -1, 1, 1, 1, 1, -1, -1, -1, 1, -1, -1, 1, -1, 1, -1, 1, -1, 1, -1, 1, -1, 1, 1, -1, 1, 1, 1, -1, -1, 1, -1, -1, 1, 1, 1, -1, 1, 1, 1, 1, 1, 1, 1, 1, 1, 1, 1, -1, 1]=
=	x_corr_list =[-20]=
=	std_dev_x_corr =0.0=
=	var_x_corr =0.0=
=	arith_mean_x_corr =-20.0=
=	ptp_x_corr =0=
=	amax_x_corr =-20=
=	amin_x_corr =-20=
